7 1 1
2 1 1
8 1 1
1 9 1
304 441 1
6 1 1
1 7 1
169 1 1
1 8 1
8 1 1
5269 650 1
5269 539 1
1 2 1
5269 651 1
5269 289 1
5269 398 1
5269 394 1
5269 396 1
5269 246 1
5269 653 1
5269 649 1
5269 441 1
5269 652 1
5269 1592 1
5269 397 1
5269 5271 1
5269 391 1
5269 392 1
5269 399 1
5269 508 1
5269 390 1
5269 400 1
5269 648 1
5269 396 1
169 1 1
5269 246 1
5269 653 1
5269 649 1
5269 441 1
5269 652 1
5269 1592 1
90 1 1
5269 397 1
5269 650 1
1 2 1
5269 539 1
5269 651 1
5269 289 1
5269 398 1
5269 394 1
5269 648 1
5269 396 1
5269 246 1
5269 653 1
5269 649 1
5269 441 1
5269 652 1
5269 1592 1
5269 397 1
5269 5271 1
5269 391 1
5269 392 1
5269 399 1
5269 508 1
5269 390 1
5269 400 1
5269 648 1
5269 396 1
5269 246 1
5269 653 1
1 3 1
5269 649 1
5269 441 1
5269 392 1
5269 399 1
5269 508 1
5269 289 1
5269 398 1
5269 394 1
5269 396 1
1 7 1
96 186 1
1 7 1
9 1 1
113 1 1
9 1 1
1 7 1
7 1 1
7 1 1
9 1 1
2 1 1
776 730 1
1 8 1
1 7 1
5269 246 1
5269 653 1
5269 649 1
5269 441 1
96 77 1
5269 652 1
5269 1592 1
2 1 1
5269 397 1
5269 5271 1
5269 391 1
5269 392 1
5269 399 1
5269 508 1
1 322 1
11 1 1
9 1 1
78 1 1
1 9 1
8 1 1
8 1 1
111 1 1
7 1 1
5269 438 1
5269 649 1
5269 441 1
5269 652 1
5269 1592 1
5269 390 1
5269 400 1
5269 648 1
5269 426 1
5269 70 1
5269 438 1
5269 429 1
5269 1158 1
5269 647 1
5269 682 1
5269 587 1
5269 395 1
5269 650 1
5269 539 1
1 7 1
7 1 1
9 1 1
9 1 1
1 8 1
1 8 1
1 9 1
8 1 1
7 1 1
5269 652 1
5269 1592 1
5269 397 1
5269 5271 1
5269 391 1
5269 392 1
5269 399 1
5269 508 1
5269 508 1
5269 390 1
5269 400 1
5269 648 1
5269 426 1
5269 70 1
5269 438 1
5269 429 1
5269 1158 1
5269 647 1
5269 652 1
5269 1592 1
5269 5271 1
5269 391 1
5269 392 1
5269 399 1
5269 508 1
5269 398 1
5269 394 1
5269 396 1
5269 650 1
5269 391 1
5269 392 1
5269 399 1
5269 508 1
5269 390 1
5269 400 1
5269 396 1
5269 246 1
5269 426 1
5269 70 1
5269 438 1
5269 429 1
5269 1158 1
5269 647 1
5269 682 1
5269 587 1
5269 397 1
5269 5271 1
5269 391 1
5269 397 1
5269 5271 1
5269 391 1
5269 392 1
5269 399 1
5269 508 1
5269 390 1
5269 400 1
5269 648 1
5269 426 1
5269 70 1
5269 438 1
5269 429 1
5269 1158 1
5269 647 1
5269 682 1
5269 1592 1
5269 397 1
5269 5271 1
5269 391 1
5269 392 1
5269 399 1
163 260 1
1 7 1
1 7 1
9 1 1
76 97 1
7 1 1
1 9 1
9 1 1
8 1 1
8 1 1
1 7 1
1 7 1
9 1 1
7 1 1
1 8 1
5269 391 1
5269 392 1
5269 399 1
5269 508 1
5269 390 1
5269 400 1
5269 648 1
5269 426 1
5269 70 1
5269 649 1
5269 647 1
7 1 1
5269 587 1
5269 395 1
5269 650 1
5269 539 1
5269 651 1
5269 289 1
5269 398 1
5269 394 1
5269 648 1
5269 426 1
5269 70 1
96 97 1
1 9 1
9 1 1
1 83 1
1649 16 1
108 16 1
16 24 1
16 906 1
16 761 1
1 8 1
762 16 1
16 435 1
16 68 1
1 9 1
163 241 1
6 1 1
1 9 1
405 119 1
9 1 1
7 1 1
7 1 1
1 83 1
16 148 1
16 146 1
16 142 1
9 1 1
76 186 1
111 1 1
8 1 1
8 1 1
5269 397 1
8 1 1
1 7 1
5269 5271 1
5269 391 1
5269 392 1
5269 399 1
5269 508 1
5269 390 1
5269 400 1
5269 648 1
5269 426 1
5269 70 1
5269 438 1
5269 429 1
5269 1158 1
5269 647 1
5269 682 1
5269 587 1
7 1 1
5269 395 1
5269 650 1
5269 539 1
5269 651 1
5269 289 1
5269 398 1
5269 394 1
5269 426 1
5269 70 1
5269 438 1
5269 429 1
5269 1158 1
5269 647 1
1 9 1
5269 682 1
5269 587 1
5269 395 1
5269 5271 1
5269 391 1
5269 392 1
5269 399 1
5269 508 1
5269 390 1
5269 400 1
1 9 1
5269 426 1
5269 70 1
5269 438 1
5269 429 1
5269 1158 1
5269 647 1
5269 682 1
5269 587 1
5269 395 1
5269 650 1
5269 539 1
5269 651 1
5269 289 1
137 1 1
1 137 1
7 1 1
5269 398 1
1 7 1
5269 394 1
8 1 1
5269 426 1
5269 70 1
5269 438 1
5269 429 1
5269 1158 1
5269 647 1
5269 539 1
5269 651 1
5269 390 1
5269 400 1
5269 648 1
1 83 1
7 1 1
90 1 1
119 68 1
7 1 1
7 1 1
1 9 1
8 1 1
111 1 1
111 1 1
5269 426 1
5269 70 1
5269 438 1
5269 429 1
5269 1158 1
5269 647 1
5269 682 1
5269 587 1
5269 395 1
5269 650 1
5269 539 1
5269 651 1
5269 289 1
1 9 1
1 88 1
1 87 1
1 2 1
1 7 1
9 1 1
9 1 1
111 1 1
8 1 1
8 1 1
7 1 1
2 1 1
7 1 1
1 87 1
1 7 1
8 1 1
8 1 1
1 322 1
5269 429 1
5269 1158 1
5269 647 1
5269 682 1
5269 587 1
5269 395 1
5269 398 1
5269 394 1
5269 396 1
5269 246 1
5269 653 1
5269 649 1
5269 441 1
5269 652 1
5269 1592 1
5269 397 1
5269 5271 1
5269 391 1
5269 392 1
5269 399 1
1 7 1
1 7 1
241 163 1