1 0
2 0
3 0
4 0
5 0
6 0
7 0
8 0
9 0
10 0
11 0
12 0
13 0
14 0
15 0
16 0
17 0
18 0
19 0
20 0
21 0
22 0
23 0
24 1
25 1
26 1
27 1
28 1
29 1
30 1
31 1
32 1
33 1
34 1
35 1
36 1
37 1
38 1
39 1
40 1
41 1
42 1
43 1
44 1
45 1
46 1
47 1
48 2
49 2
50 2
51 2
52 2
53 2
54 2
55 2
56 2
57 2
58 2
59 2
60 2
61 2
62 2
63 2
64 2
65 2
66 2
67 2
68 2
69 2
70 2
71 2
72 3
73 3
74 3
75 3
76 3
77 3
78 3
79 3
80 3
81 3
82 3
83 3
84 3
85 3
86 3
87 3
88 3
89 3
90 3
91 3
92 3
93 3
94 3
95 3
96 4
97 4
98 4
99 4
100 4
101 4
102 4
103 4
104 4
105 4
106 4
107 4
108 4
109 4
110 4
111 4
112 4
113 4
114 4
115 4
116 4
117 4
118 4
119 4
120 5
121 5
122 5
123 5
124 5
125 5
126 5
127 5
128 5
129 5
130 5
131 5
132 5
133 5
134 5
135 5
136 5
137 5
138 5
139 5
140 5
141 5
142 5
143 5
144 6
145 6
146 6
147 6
148 6
149 6
150 6
151 6
152 6
153 6
154 6
155 6
156 6
157 6
158 6
159 6
160 6
161 6
162 6
163 6
164 6
165 6
166 6
167 6
168 7
169 7
170 7
171 7
172 7
173 7
174 7
175 7
176 7
177 7
178 7
179 7
180 7
181 7
182 7
183 7
184 7
185 7
186 7
187 7
188 7
189 7
190 7
191 7
192 8
193 8
194 8
195 8
196 8
197 8
198 8
199 8
200 8
201 8
202 8
203 8
204 8
205 8
206 8
207 8
208 8
209 8
210 8
211 8
212 8
213 8
214 8
215 8
216 9
217 9
218 9
219 9
220 9
221 9
222 9
223 9
224 9
225 9
226 9
227 9
228 9
229 9
230 9
231 9
232 9
233 9
234 9
235 9
236 9
237 9
238 9
239 9
240 10
241 10
242 10
243 10
244 10
245 10
246 10
247 10
248 10
249 10
250 10
251 10
252 10
253 10
254 10
255 10
256 10
257 10
258 10
259 10
260 10
261 10
262 10
263 10
264 11
265 11
266 11
267 11
268 11
269 11
270 11
271 11
272 11
273 11
274 11
275 11
276 11
277 11
278 11
279 11
280 11
281 11
282 11
283 11
284 11
285 11
286 11
287 11
288 12
289 12
290 12
291 12
292 12
293 12
294 12
295 12
296 12
297 12
298 12
299 12
300 12
301 12
302 12
303 12
304 12
305 12
306 12
307 12
308 12
309 12
310 12
311 12
312 13
313 13
314 13
315 13
316 13
317 13
318 13
319 13
320 13
321 13
322 13
323 13
324 13
325 13
326 13
327 13
328 13
329 13
330 13
331 13
332 13
333 13
334 13
335 13
336 14
337 14
338 14
339 14
340 14
341 14
342 14
343 14
344 14
345 14
346 14
347 14
348 14
349 14
350 14
351 14
352 14
353 14
354 14
355 14
356 14
357 14
358 14
359 14
360 15
361 15
362 15
363 15
364 15
365 15
366 15
367 15
368 15
369 15
370 15
371 15
372 15
373 15
374 15
375 15
376 15
377 15
378 15
379 15
380 15
381 15
382 15
383 15
384 16
385 16
386 16
387 16
388 16
389 16
390 16
391 16
392 16
393 16
394 16
395 16
396 16
397 16
398 16
399 16
400 16
401 16
402 16
403 16
404 16
405 16
406 16
407 16
408 17
409 17
410 17
411 17
412 17
413 17
414 17
415 17
416 17
417 17
418 17
419 17
420 17
421 17
422 17
423 17
424 17
425 17
426 17
427 17
428 17
429 17
430 17
431 17
432 18
433 18
434 18
435 18
436 18
437 18
438 18
439 18
440 18
441 18
442 18
443 18
444 18
445 18
446 18
447 18
448 18
449 18
450 18
451 18
452 18
453 18
454 18
455 18
456 19
457 19
458 19
459 19
460 19
461 19
462 19
463 19
464 19
465 19
466 19
467 19
468 19
469 19
470 19
471 19
472 19
473 19
474 19
475 19
476 19
477 19
478 19
479 19
480 20
481 20
482 20
483 20
484 20
485 20
486 20
487 20
488 20
489 20
490 20
491 20
492 20
493 20
494 20
495 20
496 20
497 20
498 20
499 20
500 20
501 20
502 20
503 20
504 21
505 21
506 21
507 21
508 21
509 21
510 21
511 21
512 21
513 21
514 21
515 21
516 21
517 21
518 21
519 21
520 21
521 21
522 21
523 21
524 21
525 21
526 21
527 21
528 22
529 22
530 22
531 22
532 22
533 22
534 22
535 22
536 22
537 22
538 22
539 22
540 22
541 22
542 22
543 22
544 22
545 22
546 22
547 22
548 22
549 22
550 22
551 22
552 23
553 23
554 23
555 23
556 23
557 23
558 23
559 23
560 23
561 23
562 23
563 23
564 23
565 23
566 23
567 23
568 23
569 23
570 23
571 23
572 23
573 23
574 23
575 23
576 24
577 24
578 24
579 24
580 24
581 24
582 24
583 24
584 24
585 24
586 24
587 24
588 24
589 24
590 24
591 24
592 24
593 24
594 24
595 24
596 24
597 24
598 24
599 24
600 25
601 25
602 25
603 25
604 25
605 25
606 25
607 25
608 25
609 25
610 25
611 25
612 25
613 25
614 25
615 25
616 25
617 25
618 25
619 25
620 25
621 25
622 25
623 25
624 26
625 26
626 26
627 26
628 26
629 26
630 26
631 26
632 26
633 26
634 26
635 26
636 26
637 26
638 26
639 26
640 26
641 26
642 26
643 26
644 26
645 26
646 26
647 26
648 27
649 27
650 27
651 27
652 27
653 27
654 27
655 27
656 27
657 27
658 27
659 27
660 27
661 27
662 27
663 27
664 27
665 27
666 27
667 27
668 27
669 27
670 27
671 27
672 28
673 28
674 28
675 28
676 28
677 28
678 28
679 28
680 28
681 28
682 28
683 28
684 28
685 28
686 28
687 28
688 28
689 28
690 28
691 28
692 28
693 28
694 28
695 28
696 29
697 29
698 29
699 29
700 29
701 29
702 29
703 29
704 29
705 29
706 29
707 29
708 29
709 29
710 29
711 29
712 29
713 29
714 29
715 29
716 29
717 29
718 29
719 29
720 30
721 30
722 30
723 30
724 30
725 30
726 30
727 30
728 30
729 30
730 30
731 30
732 30
733 30
734 30
735 30
736 30
737 30
738 30
739 30
740 30
741 30
742 30
743 30
744 31
745 31
746 31
747 31
748 31
749 31
750 31
751 31
752 31
753 31
754 31
755 31
756 31
757 31
758 31
759 31
760 31
761 31
762 31
763 31
764 31
765 31
766 31
767 31
768 32
769 32
770 32
771 32
772 32
773 32
774 32
775 32
776 32
777 32
778 32
779 32
780 32
781 32
782 32
783 32
784 32
785 32
786 32
787 32
788 32
789 32
790 32
791 32
792 33
793 33
794 33
795 33
796 33
797 33
798 33
799 33
800 33
801 33
802 33
803 33
804 33
805 33
806 33
807 33
808 33
809 33
810 33
811 33
812 33
813 33
814 33
815 33
816 34
817 34
818 34
819 34
820 34
821 34
822 34
823 34
824 34
825 34
826 34
827 34
828 34
829 34
830 34
831 34
832 34
833 34
834 34
835 34
836 34
837 34
838 34
839 34
840 35
841 35
842 35
843 35
844 35
845 35
846 35
847 35
848 35
849 35
850 35
851 35
852 35
853 35
854 35
855 35
856 35
857 35
858 35
859 35
860 35
861 35
862 35
863 35
864 36
865 36
866 36
867 36
868 36
869 36
870 36
871 36
872 36
873 36
874 36
875 36
876 36
877 36
878 36
879 36
880 36
881 36
882 36
883 36
884 36
885 36
886 36
887 36
888 37
889 37
890 37
891 37
892 37
893 37
894 37
895 37
896 37
897 37
898 37
899 37
900 37
901 37
902 37
903 37
904 37
905 37
906 37
907 37
908 37
909 37
910 37
911 37
912 38
913 38
914 38
915 38
916 38
917 38
918 38
919 38
920 38
921 38
922 38
923 38
924 38
925 38
926 38
927 38
928 38
929 38
930 38
931 38
932 38
933 38
934 38
935 38
936 39
937 39
938 39
939 39
940 39
941 39
942 39
943 39
944 39
945 39
946 39
947 39
948 39
949 39
950 39
951 39
952 39
953 39
954 39
955 39
956 39
957 39
958 39
959 39
960 40
961 40
962 40
963 40
964 40
965 40
966 40
967 40
968 40
969 40
970 40
971 40
972 40
973 40
974 40
975 40
976 40
977 40
978 40
979 40
980 40
981 40
982 40
983 40
984 41
985 41
986 41
987 41
988 41
989 41
990 41
991 41
992 41
993 41
994 41
995 41
996 41
997 41
998 41
999 41
1000 41
1001 41
1002 41
1003 41
1004 41
1005 41
1006 41
1007 41
1008 42
1009 42
1010 42
1011 42
1012 42
1013 42
1014 42
1015 42
1016 42
1017 42
1018 42
1019 42
1020 42
1021 42
1022 42
1023 42
1024 42
1025 42
1026 42
1027 42
1028 42
1029 42
1030 42
1031 42
1032 43
1033 43
1034 43
1035 43
1036 43
1037 43
1038 43
1039 43
1040 43
1041 43
1042 43
1043 43
1044 43
1045 43
1046 43
1047 43
1048 43
1049 43
1050 43
1051 43
1052 43
1053 43
1054 43
1055 43
1056 44
1057 44
1058 44
1059 44
1060 44
1061 44
1062 44
1063 44
1064 44
1065 44
1066 44
1067 44
1068 44
1069 44
1070 44
1071 44
1072 44
1073 44
1074 44
1075 44
1076 44
1077 44
1078 44
1079 44
1080 45
1081 45
1082 45
1083 45
1084 45
1085 45
1086 45
1087 45
1088 45
1089 45
1090 45
1091 45
1092 45
1093 45
1094 45
1095 45
1096 45
1097 45
1098 45
1099 45
1100 45
1101 45
1102 45
1103 45
1104 46
1105 46
1106 46
1107 46
1108 46
1109 46
1110 46
1111 46
1112 46
1113 46
1114 46
1115 46
1116 46
1117 46
1118 46
1119 46
1120 46
1121 46
1122 46
1123 46
1124 46
1125 46
1126 46
1127 46
1128 47
1129 47
1130 47
1131 47
1132 47
1133 47
1134 47
1135 47
1136 47
1137 47
1138 47
1139 47
1140 47
1141 47
1142 47
1143 47
1144 47
1145 47
1146 47
1147 47
1148 47
1149 47
1150 47
1151 47
1152 48
1153 48
1154 48
1155 48
1156 48
1157 48
1158 48
1159 48
1160 48
1161 48
1162 48
1163 48
1164 48
1165 48
1166 48
1167 48
1168 48
1169 48
1170 48
1171 48
1172 48
1173 48
1174 48
1175 48
1176 49
1177 49
1178 49
1179 49
1180 49
1181 49
1182 49
1183 49
1184 49
1185 49
1186 49
1187 49
1188 49
1189 49
1190 49
1191 49
1192 49
1193 49
1194 49
1195 49
1196 49
1197 49
1198 49
1199 49
1200 50
1201 50
1202 50
1203 50
1204 50
1205 50
1206 50
1207 50
1208 50
1209 50
1210 50
1211 50
1212 50
1213 50
1214 50
1215 50
1216 50
1217 50
1218 50
1219 50
1220 50
1221 50
1222 50
1223 50
1224 51
1225 51
1226 51
1227 51
1228 51
1229 51
1230 51
1231 51
1232 51
1233 51
1234 51
1235 51
1236 51
1237 51
1238 51
1239 51
1240 51
1241 51
1242 51
1243 51
1244 51
1245 51
1246 51
1247 51
1248 52
1249 52
1250 52
1251 52
1252 52
1253 52
1254 52
1255 52
1256 52
1257 52
1258 52
1259 52
1260 52
1261 52
1262 52
1263 52
1264 52
1265 52
1266 52
1267 52
1268 52
1269 52
1270 52
1271 52
1272 53
1273 53
1274 53
1275 53
1276 53
1277 53
1278 53
1279 53
1280 53
1281 53
1282 53
1283 53
1284 53
1285 53
1286 53
1287 53
1288 53
1289 53
1290 53
1291 53
1292 53
1293 53
1294 53
1295 53
1296 54
1297 54
1298 54
1299 54
1300 54
1301 54
1302 54
1303 54
1304 54
1305 54
1306 54
1307 54
1308 54
1309 54
1310 54
1311 54
1312 54
1313 54
1314 54
1315 54
1316 54
1317 54
1318 54
1319 54
1320 55
1321 55
1322 55
1323 55
1324 55
1325 55
1326 55
1327 55
1328 55
1329 55
1330 55
1331 55
1332 55
1333 55
1334 55
1335 55
1336 55
1337 55
1338 55
1339 55
1340 55
1341 55
1342 55
1343 55
1344 56
1345 56
1346 56
1347 56
1348 56
1349 56
1350 56
1351 56
1352 56
1353 56
1354 56
1355 56
1356 56
1357 56
1358 56
1359 56
1360 56
1361 56
1362 56
1363 56
1364 56
1365 56
1366 56
1367 56
1368 57
1369 57
1370 57
1371 57
1372 57
1373 57
1374 57
1375 57
1376 57
1377 57
1378 57
1379 57
1380 57
1381 57
1382 57
1383 57
1384 57
1385 57
1386 57
1387 57
1388 57
1389 57
1390 57
1391 57
1392 58
1393 58
1394 58
1395 58
1396 58
1397 58
1398 58
1399 58
1400 58
1401 58
1402 58
1403 58
1404 58
1405 58
1406 58
1407 58
1408 58
1409 58
1410 58
1411 58
1412 58
1413 58
1414 58
1415 58
1416 59
1417 59
1418 59
1419 59
1420 59
1421 59
1422 59
1423 59
1424 59
1425 59
1426 59
1427 59
1428 59
1429 59
1430 59
1431 59
1432 59
1433 59
1434 59
1435 59
1436 59
1437 59
1438 59
1439 59
1440 60
1441 60
1442 60
1443 60
1444 60
1445 60
1446 60
1447 60
1448 60
1449 60
1450 60
1451 60
1452 60
1453 60
1454 60
1455 60
1456 60
1457 60
1458 60
1459 60
1460 60
1461 60
1462 60
1463 60
1464 61
1465 61
1466 61
1467 61
1468 61
1469 61
1470 61
1471 61
1472 61
1473 61
1474 61
1475 61
1476 61
1477 61
1478 61
1479 61
1480 61
1481 61
1482 61
1483 61
1484 61
1485 61
1486 61
1487 61
1488 62
1489 62
1490 62
1491 62
1492 62
1493 62
1494 62
1495 62
1496 62
1497 62
1498 62
1499 62
1500 62
1501 62
1502 62
1503 62
1504 62
1505 62
1506 62
1507 62
1508 62
1509 62
1510 62
1511 62
1512 63
1513 63
1514 63
1515 63
1516 63
1517 63
1518 63
1519 63
1520 63
1521 63
1522 63
1523 63
1524 63
1525 63
1526 63
1527 63
1528 63
1529 63
1530 63
1531 63
1532 63
1533 63
1534 63
1535 63
1536 64
1537 64
1538 64
1539 64
1540 64
1541 64
1542 64
1543 64
1544 64
1545 64
1546 64
1547 64
1548 64
1549 64
1550 64
1551 64
1552 64
1553 64
1554 64
1555 64
1556 64
1557 64
1558 64
1559 64
1560 65
1561 65
1562 65
1563 65
1564 65
1565 65
1566 65
1567 65
1568 65
1569 65
1570 65
1571 65
1572 65
1573 65
1574 65
1575 65
1576 65
1577 65
1578 65
1579 65
1580 65
1581 65
1582 65
1583 65
1584 66
1585 66
1586 66
1587 66
1588 66
1589 66
1590 66
1591 66
1592 66
1593 66
1594 66
1595 66
1596 66
1597 66
1598 66
1599 66
1600 66
1601 66
1602 66
1603 66
1604 66
1605 66
1606 66
1607 66
1608 67
1609 67
1610 67
1611 67
1612 67
1613 67
1614 67
1615 67
1616 67
1617 67
1618 67
1619 67
1620 67
1621 67
1622 67
1623 67
1624 67
1625 67
1626 67
1627 67
1628 67
1629 67
1630 67
1631 67
1632 68
1633 68
1634 68
1635 68
1636 68
1637 68
1638 68
1639 68
1640 68
1641 68
1642 68
1643 68
1644 68
1645 68
1646 68
1647 68
1648 68
1649 68
1650 68
1651 68
1652 68
1653 68
1654 68
1655 68
1656 69
1657 69
1658 69
1659 69
1660 69
1661 69
1662 69
1663 69
1664 69
1665 69
1666 69
1667 69
1668 69
1669 69
1670 69
1671 69
1672 69
1673 69
1674 69
1675 69
1676 69
1677 69
1678 69
1679 69
1680 70
1681 70
1682 70
1683 70
1684 70
1685 70
1686 70
1687 70
1688 70
1689 70
1690 70
1691 70
1692 70
1693 70
1694 70
1695 70
1696 70
1697 70
1698 70
1699 70
1700 70
1701 70
1702 70
1703 70
1704 71
1705 71
1706 71
1707 71
1708 71
1709 71
1710 71
1711 71
1712 71
1713 71
1714 71
1715 71
1716 71
1717 71
1718 71
1719 71
1720 71
1721 71
1722 71
1723 71
1724 71
1725 71
1726 71
1727 71
1728 72
1729 72
1730 72
1731 72
1732 72
1733 72
1734 72
1735 72
1736 72
1737 72
1738 72
1739 72
1740 72
1741 72
1742 72
1743 72
1744 72
1745 72
1746 72
1747 72
1748 72
1749 72
1750 72
1751 72
1752 73
1753 73
1754 73
1755 73
1756 73
1757 73
1758 73
1759 73
1760 73
1761 73
1762 73
1763 73
1764 73
1765 73
1766 73
1767 73
1768 73
1769 73
1770 73
1771 73
1772 73
1773 73
1774 73
1775 73
1776 74
1777 74
1778 74
1779 74
1780 74
1781 74
1782 74
1783 74
1784 74
1785 74
1786 74
1787 74
1788 74
1789 74
1790 74
1791 74
1792 74
1793 74
1794 74
1795 74
1796 74
1797 74
1798 74
1799 74
1800 75
1801 75
1802 75
1803 75
1804 75
1805 75
1806 75
1807 75
1808 75
1809 75
1810 75
1811 75
1812 75
1813 75
1814 75
1815 75
1816 75
1817 75
1818 75
1819 75
1820 75
1821 75
1822 75
1823 75
1824 76
1825 76
1826 76
1827 76
1828 76
1829 76
1830 76
1831 76
1832 76
1833 76
1834 76
1835 76
1836 76
1837 76
1838 76
1839 76
1840 76
1841 76
1842 76
1843 76
1844 76
1845 76
1846 76
1847 76
1848 77
1849 77
1850 77
1851 77
1852 77
1853 77
1854 77
1855 77
1856 77
1857 77
1858 77
1859 77
1860 77
1861 77
1862 77
1863 77
1864 77
1865 77
1866 77
1867 77
1868 77
1869 77
1870 77
1871 77
1872 78
1873 78
1874 78
1875 78
1876 78
1877 78
1878 78
1879 78
1880 78
1881 78
1882 78
1883 78
1884 78
1885 78
1886 78
1887 78
1888 78
1889 78
1890 78
1891 78
1892 78
1893 78
1894 78
1895 78
1896 79
1897 79
1898 79
1899 79
1900 79
1901 79
1902 79
1903 79
1904 79
1905 79
1906 79
1907 79
1908 79
1909 79
1910 79
1911 79
1912 79
1913 79
1914 79
1915 79
1916 79
1917 79
1918 79
1919 79
1920 80
1921 80
1922 80
1923 80
1924 80
1925 80
1926 80
1927 80
1928 80
1929 80
1930 80
1931 80
1932 80
1933 80
1934 80
1935 80
1936 80
1937 80
1938 80
1939 80
1940 80
1941 80
1942 80
1943 80
1944 81
1945 81
1946 81
1947 81
1948 81
1949 81
1950 81
1951 81
1952 81
1953 81
1954 81
1955 81
1956 81
1957 81
1958 81
1959 81
1960 81
1961 81
1962 81
1963 81
1964 81
1965 81
1966 81
1967 81
1968 82
1969 82
1970 82
1971 82
1972 82
1973 82
1974 82
1975 82
1976 82
1977 82
1978 82
1979 82
1980 82
1981 82
1982 82
1983 82
1984 82
1985 82
1986 82
1987 82
1988 82
1989 82
1990 82
1991 82
1992 83
1993 83
1994 83
1995 83
1996 83
1997 83
1998 83
1999 83
2000 83
2001 83
2002 83
2003 83
2004 83
2005 83
2006 83
2007 83
2008 83
2009 83
2010 83
2011 83
2012 83
2013 83
2014 83
2015 83
2016 84
2017 84
2018 84
2019 84
2020 84
2021 84
2022 84
2023 84
2024 84
2025 84
2026 84
2027 84
2028 84
2029 84
2030 84
2031 84
2032 84
2033 84
2034 84
2035 84
2036 84
2037 84
2038 84
2039 84
2040 85
2041 85
2042 85
2043 85
2044 85
2045 85
2046 85
2047 85
2048 85
2049 85
2050 85
2051 85
2052 85
2053 85
2054 85
2055 85
2056 85
2057 85
2058 85
2059 85
2060 85
2061 85
2062 85
2063 85
2064 86
2065 86
2066 86
2067 86
2068 86
2069 86
2070 86
2071 86
2072 86
2073 86
2074 86
2075 86
2076 86
2077 86
2078 86
2079 86
2080 86
2081 86
2082 86
2083 86
2084 86
2085 86
2086 86
2087 86
2088 87
2089 87
2090 87
2091 87
2092 87
2093 87
2094 87
2095 87
2096 87
2097 87
2098 87
2099 87
2100 87
2101 87
2102 87
2103 87
2104 87
2105 87
2106 87
2107 87
2108 87
2109 87
2110 87
2111 87
2112 88
2113 88
2114 88
2115 88
2116 88
2117 88
2118 88
2119 88
2120 88
2121 88
2122 88
2123 88
2124 88
2125 88
2126 88
2127 88
2128 88
2129 88
2130 88
2131 88
2132 88
2133 88
2134 88
2135 88
2136 89
2137 89
2138 89
2139 89
2140 89
2141 89
2142 89
2143 89
2144 89
2145 89
2146 89
2147 89
2148 89
2149 89
2150 89
2151 89
2152 89
2153 89
2154 89
2155 89
2156 89
2157 89
2158 89
2159 89
2160 90
2161 90
2162 90
2163 90
2164 90
2165 90
2166 90
2167 90
2168 90
2169 90
2170 90
2171 90
2172 90
2173 90
2174 90
2175 90
2176 90
2177 90
2178 90
2179 90
2180 90
2181 90
2182 90
2183 90
2184 91
2185 91
2186 91
2187 91
2188 91
2189 91
2190 91
2191 91
2192 91
2193 91
2194 91
2195 91
2196 91
2197 91
2198 91
2199 91
2200 91
2201 91
2202 91
2203 91
2204 91
2205 91
2206 91
2207 91
2208 92
2209 92
2210 92
2211 92
2212 92
2213 92
2214 92
2215 92
2216 92
2217 92
2218 92
2219 92
2220 92
2221 92
2222 92
2223 92
2224 92
2225 92
2226 92
2227 92
2228 92
2229 92
2230 92
2231 92
2232 93
2233 93
2234 93
2235 93
2236 93
2237 93
2238 93
2239 93
2240 93
2241 93
2242 93
2243 93
2244 93
2245 93
2246 93
2247 93
2248 93
2249 93
2250 93
2251 93
2252 93
2253 93
2254 93
2255 93
2256 94
2257 94
2258 94
2259 94
2260 94
2261 94
2262 94
2263 94
2264 94
2265 94
2266 94
2267 94
2268 94
2269 94
2270 94
2271 94
2272 94
2273 94
2274 94
2275 94
2276 94
2277 94
2278 94
2279 94
2280 95
2281 95
2282 95
2283 95
2284 95
2285 95
2286 95
2287 95
2288 95
2289 95
2290 95
2291 95
2292 95
2293 95
2294 95
2295 95
2296 95
2297 95
2298 95
2299 95
2300 95
2301 95
2302 95
2303 95
2304 96
2305 96
2306 96
2307 96
2308 96
2309 96
2310 96
2311 96
2312 96
2313 96
2314 96
2315 96
2316 96
2317 96
2318 96
2319 96
2320 96
2321 96
2322 96
2323 96
2324 96
2325 96
2326 96
2327 96
2328 97
2329 97
2330 97
2331 97
2332 97
2333 97
2334 97
2335 97
2336 97
2337 97
2338 97
2339 97
2340 97
2341 97
2342 97
2343 97
2344 97
2345 97
2346 97
2347 97
2348 97
2349 97
2350 97
2351 97
2352 98
2353 98
2354 98
2355 98
2356 98
2357 98
2358 98
2359 98
2360 98
2361 98
2362 98
2363 98
2364 98
2365 98
2366 98
2367 98
2368 98
2369 98
2370 98
2371 98
2372 98
2373 98
2374 98
2375 98
2376 99
2377 99
2378 99
2379 99
2380 99
2381 99
2382 99
2383 99
2384 99
2385 99
2386 99
2387 99
2388 99
2389 99
2390 99
2391 99
2392 99
2393 99
2394 99
2395 99
2396 99
2397 99
2398 99
2399 99
2400 100
2401 100
2402 100
2403 100
2404 100
2405 100
2406 100
2407 100
2408 100
2409 100
2410 100
2411 100
2412 100
2413 100
2414 100
2415 100
2416 100
2417 100
2418 100
2419 100
2420 100
2421 100
2422 100
2423 100
2424 101
2425 101
2426 101
2427 101
2428 101
2429 101
2430 101
2431 101
2432 101
2433 101
2434 101
2435 101
2436 101
2437 101
2438 101
2439 101
2440 101
2441 101
2442 101
2443 101
2444 101
2445 101
2446 101
2447 101
2448 102
2449 102
2450 102
2451 102
2452 102
2453 102
2454 102
2455 102
2456 102
2457 102
2458 102
2459 102
2460 102
2461 102
2462 102
2463 102
2464 102
2465 102
2466 102
2467 102
2468 102
2469 102
2470 102
2471 102
2472 103
2473 103
2474 103
2475 103
2476 103
2477 103
2478 103
2479 103
2480 103
2481 103
2482 103
2483 103
2484 103
2485 103
2486 103
2487 103
2488 103
2489 103
2490 103
2491 103
2492 103
2493 103
2494 103
2495 103
2496 104
2497 104
2498 104
2499 104
2500 104
2501 104
2502 104
2503 104
2504 104
2505 104
2506 104
2507 104
2508 104
2509 104
2510 104
2511 104
2512 104
2513 104
2514 104
2515 104
2516 104
2517 104
2518 104
2519 104
2520 105
2521 105
2522 105
2523 105
2524 105
2525 105
2526 105
2527 105
2528 105
2529 105
2530 105
2531 105
2532 105
2533 105
2534 105
2535 105
2536 105
2537 105
2538 105
2539 105
2540 105
2541 105
2542 105
2543 105
2544 106
2545 106
2546 106
2547 106
2548 106
2549 106
2550 106
2551 106
2552 106
2553 106
2554 106
2555 106
2556 106
2557 106
2558 106
2559 106
2560 106
2561 106
2562 106
2563 106
2564 106
2565 106
2566 106
2567 106
2568 107
2569 107
2570 107
2571 107
2572 107
2573 107
2574 107
2575 107
2576 107
2577 107
2578 107
2579 107
2580 107
2581 107
2582 107
2583 107
2584 107
2585 107
2586 107
2587 107
2588 107
2589 107
2590 107
2591 107
2592 108
2593 108
2594 108
2595 108
2596 108
2597 108
2598 108
2599 108
2600 108
2601 108
2602 108
2603 108
2604 108
2605 108
2606 108
2607 108
2608 108
2609 108
2610 108
2611 108
2612 108
2613 108
2614 108
2615 108
2616 109
2617 109
2618 109
2619 109
2620 109
2621 109
2622 109
2623 109
2624 109
2625 109
2626 109
2627 109
2628 109
2629 109
2630 109
2631 109
2632 109
2633 109
2634 109
2635 109
2636 109
2637 109
2638 109
2639 109
2640 110
2641 110
2642 110
2643 110
2644 110
2645 110
2646 110
2647 110
2648 110
2649 110
2650 110
2651 110
2652 110
2653 110
2654 110
2655 110
2656 110
2657 110
2658 110
2659 110
2660 110
2661 110
2662 110
2663 110
2664 111
2665 111
2666 111
2667 111
2668 111
2669 111
2670 111
2671 111
2672 111
2673 111
2674 111
2675 111
2676 111
2677 111
2678 111
2679 111
2680 111
2681 111
2682 111
2683 111
2684 111
2685 111
2686 111
2687 111
2688 112
2689 112
2690 112
2691 112
2692 112
2693 112
2694 112
2695 112
2696 112
2697 112
2698 112
2699 112
2700 112
2701 112
2702 112
2703 112
2704 112
2705 112
2706 112
2707 112
2708 112
2709 112
2710 112
2711 112
2712 113
2713 113
2714 113
2715 113
2716 113
2717 113
2718 113
2719 113
2720 113
2721 113
2722 113
2723 113
2724 113
2725 113
2726 113
2727 113
2728 113
2729 113
2730 113
2731 113
2732 113
2733 113
2734 113
2735 113
2736 114
2737 114
2738 114
2739 114
2740 114
2741 114
2742 114
2743 114
2744 114
2745 114
2746 114
2747 114
2748 114
2749 114
2750 114
2751 114
2752 114
2753 114
2754 114
2755 114
2756 114
2757 114
2758 114
2759 114
2760 115
2761 115
2762 115
2763 115
2764 115
2765 115
2766 115
2767 115
2768 115
2769 115
2770 115
2771 115
2772 115
2773 115
2774 115
2775 115
2776 115
2777 115
2778 115
2779 115
2780 115
2781 115
2782 115
2783 115
2784 116
2785 116
2786 116
2787 116
2788 116
2789 116
2790 116
2791 116
2792 116
2793 116
2794 116
2795 116
2796 116
2797 116
2798 116
2799 116
2800 116
